n_x = 1024
n_y = 1024
delta_x = 2.000000e-01
delta_y = 2.000000e-01
kappa_c = 1.000000e+00
kappa_eta = 1.000000e+00
M0 = 1.000000e+00
L0 = 1.000000e+00
A = 1.000000e+00
B = 1.000000e+00
P = 1.000000e+00
c_zero = 7.000000e-01
r_zero = 6.000000e+00
noise_str = 0.000000e+00
gamma_i = 0.000000e+00
gamma_a = 0.000000e+00
beta11 = 3.000000e+00
beta22 = 0.000000e+00
beta12 = -3.000000e+00
coeff = 0.000000e+00
delta_t = 1.000000e-01
time_steps = 10000
delta_t_M0 = 1.000000e-01
time_steps_M0 = 300
file_timer = 100
theta_interval = 10
theta_start = 0
theta_steps = 40
cont = 0
INDEX_start = 50000
P1 = 0.000000e+00
P2 = 0.000000e+00
P3 = 0.000000e+00
P4 = 0.000000e+00
P5 = 0.000000e+00
P6 = 0.000000e+00
P7 = 0.000000e+00
P8 = 0.000000e+00
P9 = 0.000000e+00
P10 = 0.000000e+00
P11 = 0.000000e+00
P12 = 0.000000e+00
P13 = 0.000000e+00
P14 = 0.000000e+00
P15 = 0.000000e+00
P16 = 0.000000e+00
P17 = 0.000000e+00
P18 = 0.000000e+00
P19 = 0.000000e+00
P20 = 0.000000e+00
P21 = 0.000000e+00
P22 = 0.000000e+00
P23 = 0.000000e+00
P24 = 0.000000e+00
